-0.005
-0.015
-0.02
-0.02
-0.015
-0.0090989
-0.00819781
-0.00229671
-0.00139561
-0.00549452
-0.00834207
-0.00618963
-0.00243337
-0.00367711
-0.00863554
-0.00859396
-0.00355239
-0.00351081
0.00153076
0.00157234
0.00661391
0.00665548
0.00169706
-0.00826137
-0.0232198
-0.0387296
-0.0509377
-0.0681457
-0.0903538
-0.117562
-0.13977
-0.156978
-0.179186
-0.196394
-0.218602
-0.24581
-0.278018
-0.303027
-0.330112
-0.362198
-0.387198
-0.407198
-0.422198
-0.432198
-0.447198
-0.457198
-0.462198
-0.462198
-0.467198
-0.467198
-0.472198
-0.472198
-0.475124
-0.476411
-0.482698
-0.483984
-0.482991
-0.486997
-0.496003
-0.510009
-0.526554
-0.547765
-0.563976
-0.575186
-0.591397
-0.612607
-0.630012
-0.652416
-0.67982
-0.712224
-0.737224
-0.757224
-0.782224
-0.802224
-0.827224
-0.857224
-0.886863
-0.921502
-0.956502
-0.981502
-1.00855
-1.03854
-1.06353
-1.08352
-1.10851
-1.13188
-1.15026
-1.16363
-1.17681
-1.1871
-1.19907
-1.21603
-1.238
-1.26079
-1.27858
-1.30138
-1.32917
-1.36021
-1.39521
-1.42021
-1.44895
-1.48269
-1.51769
-1.54269
-1.56269
-1.57769
-1.58769
-1.59901
-1.61533
-1.62665
-1.64298
-1.6643
-1.68062
-1.69194
-1.70518
-1.71342
-1.72444
-1.73176
-1.73409
-1.73584
-1.73579
-1.73075
-1.7207
-1.70565
-1.6856
-1.67056
-1.66051
-1.65404
-1.65258
-1.65611
-1.65465
-1.64818
-1.63672
-1.62861
-1.6255
-1.6274
-1.63429
-1.63618
-1.63308
-1.62497
-1.61186
-1.60376
-1.59065
-1.57254
-1.54944
-1.52133
-1.49664
-1.46695
-1.43226
-1.39726
-1.36226
-1.32726
-1.29226
-1.25744
-1.23244
-1.20244
-1.17161
-1.1409
-1.1159
-1.0959
-1.07193
-1.05296
-1.03743
-1.02689
-1.02136
-1.01082
-0.995288
-0.984752
-0.979217
-0.968682
-0.953146
-0.938885
-0.929623
-0.915361
-0.906099
-0.901838
-0.902576
-0.898314
-0.889052
-0.874791
-0.865529
-0.851267
-0.842005
-0.827744
-0.808482
-0.786794
-0.760105
-0.728417
-0.693417
-0.658417
-0.633417
-0.613417
-0.588417
-0.568417
-0.54368
-0.523944
-0.509207
-0.499471
-0.484734
-0.464998
-0.450261
-0.430525
-0.415788
-0.406052
-0.392953
-0.383096
-0.368238
-0.348381
-0.333167
-0.314789
-0.291411
-0.269635
-0.242858
-0.218195
-0.198531
-0.183868
-0.174144
-0.16942
-0.165284
-0.156147
-0.142011
-0.132875
-0.128739
-0.126125
-0.118511
-0.115898
-0.108284
-0.105671
-0.108057
-0.105444
-0.102166
-0.0938882
-0.0906105
-0.0923328
-0.0922131
-0.0870934
-0.0869737
-0.0882096
-0.0844455
-0.0756814
-0.0681953
-0.057255
-0.0513148
-0.0403745
-0.0244342
-0.013494
0.00244626
0.0233865
0.0393268
0.060267
0.0762073
0.0971475
0.123088
0.144471
0.170853
0.202236
0.230662
0.264088
0.289658
0.320227
0.355227
0.380227
0.400227
0.425227
0.455227
0.480227
0.500227
0.515227
0.525227
0.530227
0.540227
0.54553
0.555832
0.571134
0.588822
0.60151
0.609197
0.611885
0.609572
0.61226
0.619948
0.630102
0.635257
0.642256
0.650973
0.65469
0.653407
0.655846
0.659537
0.658228
0.651919
0.64061
0.634301
0.628918
0.625659
0.627401
0.626915
0.631429
0.640943
0.655457
0.672868
0.691403
0.714339
0.734958
0.750577
0.771196
0.793658
0.81112
0.833581
0.861043
0.883504
0.900966
0.918019
0.940071
0.957124
0.979177
0.996229
1.01828
1.04391
1.07455
1.10955
1.14455
1.16955
1.18955
1.20455
1.22455
1.24955
1.27235
1.30016
1.32297
1.35078
1.37358
1.40139
1.4342
1.46304
1.48946
1.51089
1.52731
1.54307
1.56383
1.58959
1.61513
1.63567
1.65121
1.66235
1.6785
1.68964
1.69579
1.69693
1.70307
1.71422
1.72436
1.7295
1.73964
1.75478
1.77492
1.79006
1.8002
1.81533
1.83337
1.84692
1.85548
1.85903
1.86759
1.87114
1.8697
1.86325
1.85181
1.84536
1.83392
1.81747
1.80143
1.78936
1.78228
1.77021
1.75314
1.74106
1.73399
1.72192
1.71485
1.71277
1.71077
1.71377
1.71285
1.71317
1.71848
1.71995
1.71642
1.70788
1.69435
1.68582
1.67229
1.66375
1.66022
1.65169
1.63816
1.62182
1.61049
1.59415
1.57282
1.54649
1.52515
1.50334
1.47652
1.44471
1.4161
1.3925
1.3639
1.33929
1.31969
1.29666
1.26863
1.23561
1.20637
1.17214
1.13714
1.11214
1.09214
1.06714
1.03714
1.00214
0.967546
0.932546
0.907546
0.887546
0.862546
0.832546
0.805193
0.782841
0.765489
0.753137
0.735785
0.723433
0.706081
0.683729
0.656377
0.634025
0.606672
0.58432
0.566968
0.544616
0.527264
0.504912
0.48756
0.465208
0.437856
0.414197
0.385539
0.351881
0.316881
0.291881
0.271881
0.256881
0.236923
0.211965
0.187476
0.157987
0.123498
0.0884976
0.0615153
0.0395331
0.0225508
0.000568576
-0.0223068
-0.0482513
-0.0781189
-0.102986
-0.129046
-0.160105
-0.185105
-0.205105
-0.230105
-0.250105
-0.265105
-0.276956
-0.283808
-0.291675
-0.295431
-0.304186
-0.317942
-0.327633
-0.332324
-0.332015
-0.336706
-0.336397
-0.331088
-0.330779
-0.332636
-0.332959
-0.328281
-0.328604
-0.323926
-0.314249
-0.299571
-0.279894
-0.255216
-0.235539
-0.210861
-0.191184
-0.166506
-0.136829
-0.112151
-0.0833589
-0.0573053
-0.0319013
-0.0114973
0.0139067
0.0443108
0.0693108
0.0950658
0.125821
0.150821
0.170821
0.195821
0.225821
0.251876
0.275606
0.304337
0.328067
0.356798
0.380528
0.406793
0.428058
0.444323
0.465588
0.491853
0.516227
0.535602
0.549976
0.559351
0.573725
0.583099
0.597474
0.606848
0.620651
0.63685
0.658049
0.677422
0.691795
0.701167
0.70554
0.704913
0.699286
0.688658
0.673031
0.652404
0.636776
0.616149
0.590522
0.569894
0.55032
0.525746
0.50276
0.474775
0.445361
0.420946
0.401532
0.377118
0.347703
0.321909
0.301115
0.285321
0.274527
0.258732
0.237938
0.222144
0.20135
0.175556
0.144762
0.119762
0.0897618
0.0647618
0.0377674
0.0157731
-0.00122124
-0.0144729
-0.0227246
-0.0259763
-0.0285673
-0.0261582
-0.0187492
-0.0063401
0.00106896
0.00648533
0.0169017
0.0223181
0.0327344
0.0481508
0.0685672
0.0839836
0.0971484
0.105313
0.110392
0.112003
0.118614
0.120224
0.118534
0.114827
0.106121
0.102415
0.0937091
0.0861517
0.0735944
0.0660371
0.0534797
0.0359224
0.013365
-0.0141923
-0.0407923
-0.0623923
-0.0889923
-0.110592
-0.127192
-0.148792
-0.165392
-0.186992
-0.203592
-0.225192
-0.241792
-0.261444
-0.286095
-0.305747
-0.330398
-0.357654
-0.389909
-0.421504
-0.446504
-0.476504
-0.501504
-0.521504
-0.536504
-0.550893
-0.570283
-0.590708
-0.606134
-0.62656
-0.648555
-0.675551
-0.699979
-0.720193
-0.735407
-0.755621
-0.780836
-0.80105
-0.816264
-0.826478
-0.833132
-0.834786
-0.831439
-0.823093
-0.819747
-0.8114
-0.803068
-0.789736
-0.777759
-0.760782
-0.742114
-0.728445
-0.719776
-0.706108
-0.697439
-0.68377
-0.674482
-0.670194
-0.660905
-0.65128
-0.646654
-0.647028
-0.642589
-0.642856
-0.638123
-0.62839
-0.623658
-0.613925
-0.609192
-0.609459
-0.611547
-0.618634
-0.620721
-0.617808
-0.609896
-0.596983
-0.588745
-0.585508
-0.58727
-0.594033
-0.600109
-0.601185
-0.597261
-0.597282
-0.602303
-0.607415
-0.607527
-0.602639
-0.599967
-0.592294
-0.579622
-0.56195
-0.549277
-0.541605
-0.538932
-0.54126
-0.546076
-0.55256
-0.554043
-0.560526
-0.572009
-0.588492
-0.599976
-0.616459
-0.637942
-0.657706
-0.672469
-0.692233
-0.706996
-0.72676
-0.741523
-0.761287
-0.786051
-0.815814
-0.840578
-0.860341
-0.875105
-0.884868
-0.899632
-0.909395
-0.924159
-0.933923
-0.938686
-0.94845
-0.963213
-0.982977
-1.00152
-1.02507
-1.04362
-1.06717
-1.08571
-1.09926
-1.10781
-1.11136
-1.1199
-1.12345
-1.124
-1.11955
-1.11951
-1.12447
-1.1283
-1.12713
-1.13096
-1.12979
-1.12362
-1.12245
-1.11628
-1.10511
-1.09008
-1.07004
-1.05501
-1.03498
-1.00995
-0.985839
-0.966732
-0.942625
-0.923518
-0.903007
-0.877496
-0.846985
-0.819595
-0.791385
-0.768175
-0.740911
-0.708647
-0.673647
-0.638647
-0.605438
-0.580438
-0.560438
-0.545438
-0.535438
-0.520438
-0.502567
-0.479696
-0.451825
-0.428954
-0.411083
-0.393352
-0.380622
-0.362891
-0.35016
-0.342003
-0.338845
-0.330688
-0.327392
-0.329097
-0.325802
-0.324644
-0.328487
-0.334576
-0.345665
-0.357008
-0.373352
-0.394695
-0.421039
-0.452382
-0.4835
-0.5185
-0.5435
-0.5735
-0.599756
-0.621013
-0.643311
-0.66061
-0.682908
-0.701917
-0.715927
-0.724936
-0.728945
-0.727954
-0.721964
-0.710973
-0.694982
-0.673991
-0.648001
-0.61701
-0.589854
-0.567698
-0.550542
-0.530796
-0.50605
-0.476304
-0.451558
-0.431811
-0.407065
-0.387319
-0.372573
-0.362827
-0.348604
-0.339381
-0.334555
-0.33473
-0.329904
-0.320079
-0.315254
-0.315428
-0.310603
-0.310777
-0.305952
-0.299271
-0.29154
-0.288809
-0.289383
-0.294958
-0.295986
-0.292013
-0.288896
-0.280778
-0.274689
-0.267364
-0.265039
-0.257714
-0.245389
-0.228064
-0.205739
-0.179394
-0.148048
-0.123048
-0.0930479
-0.0680479
-0.0380479
-0.00516384
0.0298362
0.0648362
0.0998362
0.129668
0.154501
0.174333
0.199165
0.228997
0.263829
0.298829
0.333829
0.358829
0.388829
0.413829
0.438678
0.466653
0.489628
0.511102
0.530958
0.555814
0.57567
0.600526
0.630382
0.665237
0.690237
0.710237
0.735237
0.755237
0.777507
0.794777
0.813081
0.826384
0.844687
0.85799
0.866293
0.879597
0.8979
0.911203
0.929506
0.95281
0.981113
1.01442
1.04291
1.06947
1.09103
1.1076
1.12916
1.14732
1.16845
1.19458
1.21572
1.23185
1.24298
1.25563
1.26328
1.26592
1.26357
1.26622
1.26613
1.26105
1.25098
1.2459
1.23583
1.22075
1.21068
1.20561
1.19553
1.18046
1.16038
1.14531
1.12524
1.11016
1.09127
1.07738
1.06849
1.0546
1.03571
1.02182
1.00293
0.989037
0.980147
0.976256
0.974314
0.967373
0.959116
0.945859
0.927602
0.914345
0.896089
0.874065
0.857041
0.845018
0.837994
0.825971
0.808947
0.786923
0.7599
0.727876
0.692876
0.657876
0.622876
0.597876
0.577876
0.562876
0.542876
0.517876
0.491028
0.46918
0.442333
0.420485
0.403637
0.391789
0.374941
0.354142
0.328344
0.303663
0.283982
0.265418
0.251854
0.243289
0.239725
0.241161
0.237597
0.239033
0.244297
0.254561
0.259825
0.260089
0.265127
0.270859
0.27159
