0.008131833730608218
-0.016263681797932694
-0.00813183813315721
-0.016263681864272517
-0.040659202060726596
-0.06505473653955063
0.024395511338281217
0.00813183826583952
0.016263673152050462
0.008131838279107129
0.016263673218391617
0.03252735103835658
0.016263673351073482
0.0
0.008131838318912177
-0.008131838318912177
0.008131833916362297
-0.008131842747998164
-0.008131848359224314
-4.429084654589133e-09
-4.429086875035182e-09
-0.01626368125266442
-4.455621649412933e-09
0.008131838425057492
0.03252734723287398
-4.3892813827994814e-09
0.040659185989636804
-4.32294022800761e-09
-8.64588090010443e-09
0.008131834221531076
-0.08945022861159746
-0.02439549546748676
0.01626367364297332
0.0
0.00813183964700226
0.008131834049044606
0.008131838504666256
0.016263673762387132
0.008131830894976488
0.024395512439539857
0.02439550820947778
0.024395508368695307
0.03252735675445528
0.0406591995157215
0.032527356701383514
0.03252735265707418
0.032527355598852115
0.04065919144037222
0.02439551818344876
0.024395513182558393
0.03252735191278466
0.03252735317453315
0.016263674770768954
0.024395517187062676
0.02439551355406744
0.016263678536446058
0.016263678536445614
0.04065919927689521
0.032527357019819014
0.032527357019819014
0.024395517187062676
0.03252735917877425
0.03252735696674636
0.032527360175160114
0.040659195564290096
0.04065919248855887
0.040659189611850666
0.04065919282026331
0.008131836929512026
0.01626367162742559
0.016263670012465647
0.01626367587202826
-5.7003444187131436e-09
0.008131837141803322
0.008131836012735372
0.008131833228903984
0.008131834437580254
0.008131836118881575
0.008131834530457072
0.01626367514100724
0.024395513770117283
0.008131836291366934
0.016263673817947577
0.016263676561973694
0.016263674003701878
0.008131836463853626
0.008131833905581365
0.01626367680080154
-0.008131841686543462
-2.5715398699333036e-09
0.024395516048485444
-0.008131841699811293
0.008131834104604607
0.0162636770396285
-2.505199159230642e-09
0.024395516353654
-0.016263682116368416
0.024395520054262043
0.008131839247684569
0.0
0.008131839247684791
0.0
0.008131840403288404
-0.00813183797769823
0.0
0.00813184280234247
0.016263679597900538
0.016263677238650853
0.008131839234416516
0.008131836901703604
0.016263679650973195
0.008131838110380318
0.01626367625553371
-0.00813183927422112
0.008131837007848919
0.01626367749074653
0.016263677543819632
0.008131840469629337
0.016263676454556508
0.016263677663232556
0.03252735548568464
0.008131837286480703
-0.016263679916336926
0.0
-0.02439551929670314
-0.008131839380366435
-0.00813184053597027
0.0
-0.008131839380366657
-0.008131837180335166
-0.008131840522701994
-0.008131839367098381
-0.024395520412502814
-0.024395514644546035
-0.016263677504014362
-0.024395516764967873
-0.03252735229053916
-0.048791032946135626
-0.04065919083501068
-0.04065919307484589
-0.0569228668131847
-0.04065919235836435
-0.03252736156831837
-0.02439551561063591
-0.04879103807721985
-0.03252735453988409
-0.04065919466454093
-0.04065919884280356
-0.0325273574563969
-0.0162636793060007
-0.0081318390751981
-0.008131840230802378
-0.008131835800444298
-0.008131836929512026
-0.016263672623810788
-0.016263674703156816
0.008131845664510529
6.655653361775649e-09
0.016263685669754224
3.3012903521978387e-09
0.008131835627957607
3.2880222988751484e-09
6.576043709571877e-09
0.008131846594555903
-0.00813183673048945
6.576043709571877e-09
0.00813184325346139
0.008131842071320117
3.261485748140558e-09
-0.00813183550854446
0.016263678695664252
0.00813184523992927
0.0
0.008131845186855946
0.016263684979808346
6.390290074875793e-09
0.01626367848337318
0.01626368162544556
0.032527360002673644
0.016263680337159192
3.0624631719433637e-09
0.008131842815610746
0.008131841633470582
0.008131842762538533
6.045316913727561e-09
0.008131844563251889
3.0093907366079975e-09
0.008131839660270312
0.00813184148752022
2.982854407918012e-09
0.008131838478130149
0.008131842590051397
0.008131841407911455
2.9430493597715213e-09
0.008131842523711352
0.008131841341570745
-0.008131835482008354
2.9297819725826457e-09
2.9297804182704112e-09
0.008131838371985056
0.01626367789957328
0.008131838371984612
0.008131839527588669
2.8634410398353793e-09
0.0
0.0
0.008131841208888435
-0.008131838345448283
0.01626368068340489
0.008131841155816222
2.8236362137334936e-09
0.016263680563990413
-0.008131839447979461
0.024395517188334548
0.0
0.008131838292375626
0.0
2.757295503030832e-09
0.008131838279107573
-0.008131835521812292
-0.016263674903451042
-0.00813183265837214
0.008131838226034915
-0.008131835428935252
0.00813183821276664
2.783831165587003e-09
0.008131836584539087
0.008131840970061477
-0.008131835428934586
2.7705628902197077e-09
-0.008131833760902651
5.5676632193524256e-09
-0.02439550422072756
-0.01626366588854733
-0.02439550941688129
2.889977368525365e-09
-2.889977368525365e-09
0.008131832233789993
0.016263671482746433
0.008131836358979738
0.016263670486361015
2.8103679383661984e-09
-0.01626367613363322
2.836904267056184e-09
-0.00813183920915228
-0.016263677262700504
-0.008131832273594375
-0.024395515236640186
-0.11384573619625438
-0.04879102835412885
-0.008131841208889101
-0.04065918910517241
-0.01626367715655519
-0.024395515157030978
-0.016263673788923683
-0.01626367713001864
0.0
-0.01626367713001864
-3.4207037202804713e-09
0.008131839156078957
3.407435666957781e-09
0.0
-0.008131839142810904
-0.00813183455323463
3.4339726617815813e-09
3.4339717736031616e-09
3.433973105870791e-09
-0.008131835642497531
-0.008131834460357812
-0.016263673483755348
-0.008131837894330474
-0.008131839049933642
-0.01626367340414614
3.5401175324523138e-09
-0.008131837867793923
-0.008131837867793479
0.0
3.566654527276114e-09
-3.566654527276114e-09
0.008131837867793479
0.00813183432767639
0.01626367340414614
0.00813183554962027
0.008131837907598527
0.0162636735102919
-0.008131842550247903
0.00813183908973869
-0.00813183908973869
-0.016263675868269267
-0.04065918841522631
-3.566654971365324e-09
-0.02439551611361157
0.0
-0.016263680656869006
-3.6329947938895657e-09
-0.008131837960671184
-0.024395515037617166
-0.01626367707694598
-3.712604446093337e-09
-3.712604446093337e-09
0.008131834287871786
-0.008131841713080235
-0.008131841739616785
0.024395515236639742
-0.04065919244626759
-0.024395508807816046
-0.0325273493122209
-0.01626367713001864
0.0
-0.016263669333300257
-0.00813184187229865
-0.008131839129543295
-0.024395515077420882
0.016263677103482088
0.0
-0.008131839129543295
-0.008131837973938794
-0.008131837973939238
0.0
-3.9779686211716125e-09
-0.008131839142811348
0.0
-0.008131833982703007
-0.016263677103482088
-0.01626367304590559
-0.016263672992832934
-0.024395510873894022
-0.024395510794284814
-0.024395507666753247
-0.024395510595262238
-0.024395506232517405
-0.04879100878023879
-0.040659173535785964
-0.040659177500485644
-0.03252734283983294
-0.024395515317520378
-0.008131846871918036
-1.8406290713812723e-08
0.008131823983466901
-0.02439551914826721
-0.016263676758509593
-0.024395514559961917
-0.02439551455996325
-0.016263676758509593
-0.02439551455996236
-0.024395515715565974
-0.024395514559962805
-0.07318653983587309
-0.040659191252131244
-0.024395514520157757
-0.016263676731973042
-0.016263676731973487
-0.03252735230834247
-0.008131838943789216
-0.016263671480258868
-0.008131832509934878
0.0
-0.00813182720514849
-0.024395510198488513
-0.008131832390521065
-0.016263665857037424
5.357860377586121e-09
-0.016263665724355114
-0.008131832244570703
-0.008131827962706506
-0.008131826754029348
-0.016263665405918726
-0.008131826621347926
-0.008131827723878882
1.0954546159069878e-08
-0.00813182648866606
-0.00813182643559296
-0.008131827538124359
-0.01626367039226917
-0.008131831819988111
-0.01626366471597196
-0.00813183174038068
-0.016263670179976764
-0.016263681426424537
-0.016263675803199984
-0.016263675803200428
-0.008131837323797964
-0.01626367006056295
-0.016263670007491182
0.0
-0.016263669954417637
0.0
-0.01626367456798805
0.0
-0.008131832604083566
0.0
0.0
-5.8355138499166515e-09
-0.016263681585641176
0.0
-5.862050844740452e-09
0.0
0.008131826768569717
-0.008131844354720918
-5.862050400651242e-09
0.008131832670423833
-0.008131832670423833
-5.862050844740452e-09
0.02439550279732794
0.016263669011107318
0.03252734623527331
0.008131831700574743
0.02439550895127862
0.01626367606856416
0.024395507901821656
0.0325273454644468
0.008131838638619993
0.024395513604653196
0.03252734677926927
0.024395513644458244
0.03252734692521919
0.02439551368426196
0.024395513684262404
0.02439551893597569
0.016263681373350547
0.01626367612163726
0.008131843823993457
0.016263680098332678
0.01626368120086452
0.008131843717848586
0.01626367485988789
0.008131843664774596
0.016263681041644773
0.016263675962418844
0.008131842416295054
0.008131847389375668
0.008131853478256623
9.972701775495807e-09
9.972700443228177e-09
0.008131847216890087
1.49192467269188e-08
1.491924717100801e-08
0.016263680431308547
-0.008131822271869371
-0.008131813401698551
0.008131848120397578
4.959814781102523e-09
0.02439550725167905
0.032527335784918066
0.040659187603380165
0.03252734464181861
0.032527350598019034
0.040659183041612756
0.032527350651092135
0.03252734949548719
0.008131838240575284
0.016263679807703824
0.016263675299009517
0.016263678572493223
0.02439551348651081
0.016263674116869797
0.02439550916356925
0.040659187669721764
0.024395508153917334
0.03252735065109125
0.01626367946273133
0.024395512370713135
0.024395516428289632
0.016263675272472966
0.024395516322145205
0.01626367524593686
0.024395512291102595
0.02439550956161529
0.024395512330907643
0.024395512330908087
0.02439550856522965
0.03252734688541459
0.016263671639477284
0.00813183709823928
0.008131830934778428
0.008131829832247472
0.008131829885321018
0.016263668298382328
-3.6064595754226048e-09
0.00813183118687455
0.008131833664266619
-3.579923468777224e-09
-0.008131840863916384
-0.008131842046056548
-0.00813184091698993
-0.016263679422928057
-0.008131840983329752
-0.008131845838270646
-0.008131841049671351
-0.008131842231810626
0.008131834859673948
-0.008131849657019963
0.008131831226679154
-7.372136234806703e-09
-3.6860678953587467e-09
-7.372137122985123e-09
0.00813183386328964
0.0
-3.6728002861252662e-09
0.008131835058697856
0.024395510263557796
0.024395510343167004
0.008131831624725638
0.032527344644305956
0.01626366949251823
0.024395507307240383
0.024395508622061524
0.024395507625676327
0.024395507784894743
0.01626367343068269
0.016263673483755348
0.024395508129866794
0.016263676838119023
0.01626367365624204
0.03252734631609777
0.032527347683992014
0.016263676970800445
0.0243955118690089
0.008131839076470193
0.016263672872146362
0.008131839089738468
0.032527347085652414
0.02439550760289899
0.008131835150303024
0.024395509576099705
0.02439551089092129
0.01626367064557921
0.024395513887043974
0.016263672013473895
0.024395510279313415
0.0243955078404543
0.024395510637554407
0.016263672544201135
0.016263672650346894
0.01626367523515504
-4.957326105170523e-09
-2.4786632746298665e-09
0.008131833401390232
-4.9307897764805375e-09
0.008131834636602608
0.008131833534071875
0.008131833587144977
0.01626367328721967
0.008131834875430233
0.016263673472974416
0.024395512150127363
0.02439551230934489
0.016263673844483684
0.03252735240746585
0.024395514947226582
0.008131836516926061
-2.1469586108935346e-09
0.008131839846024835
-0.008131841992983446
2.1469586108935346e-09
0.0081318377123345
-0.0081318377123345
-2.1469586108935346e-09
0.00813183985929311
0.02439551517278571
0.016263676522169535
0.016263678616055266
0.008131836702680584
0.016263676641583125
0.008131838756761711
0.016263676707923835
0.00813183797769823
0.00813183878329804
0.016263676814069372
0.016263674985546928
0.02439551578312238
0.016263678828345896
1.8152539471572027e-09
1.8152541692018076e-09
0.00813183880983459
-0.00813183880983459
1.8152539471572027e-09
-0.01626367690694641
-0.00813183993890254
0.0
-0.008131840651624866
-0.008131838796566537
-1.881594879904469e-09
-0.008131841860302025
0.008131838097112265
-0.016263680736477326
-0.008131841926642291
-0.008131840797575451
0.0
-0.024395517784130627
-0.01626368090896335
-0.016263678934491654
-0.016263680988573004
-0.008131838902711852
-0.01626368105491305
-0.016263678987564312
-0.008131841049670685
-0.016263681174327527
-0.008131842271614564
-0.008131841142548168
-0.008131841169084053
-0.008131840137924895
-0.00813183898232106
0.0
-0.016263679120245955
0.0
-0.008131837871552916
-0.008131838969053007
-0.008131836676143811
-0.01626367906717352
-0.008131837778675877
-0.008131838942516678
-0.008131836583266772
-0.008131840084852016
-0.00813183654346239
-0.008131837672530562
-0.00813183649038951
-0.016263676495632984
0.0
-0.008131838876175523
-0.01626367642929205
-0.016263681386618156
0.008131838876175523
-0.016263680270818703
0.0
-0.09758206174060158
-0.07318654575845707
-0.0894502207680532
-2.9430493597715213e-09
-0.016263678669127923
-0.0813183828832329
-0.008131838716957551
-0.008131843001364603
-0.008131841872297985
-0.01626367864259115
-0.016263678642591373
-0.01626367542091023
3.2216806999940673e-09
-0.008131835482008354
-0.016263678562982387
-0.00813183542893503
-0.05692286082923381
-0.05692286354672449
-0.048791024431721564
-0.04879102641818989
-0.008131839686806419
-0.008131834884939959
-0.008131838517934753
-3.659531344624156e-09
-0.008131839686806419
-3.6727993979468465e-09
-0.008131838544471304
0.0
-0.016263681957150222
0.008131838557739357
-0.008131838557739357
-3.7126035579149175e-09
0.0
-0.00813184229687991
0.0
-0.016263678324154984
3.752408606061408e-09
-0.04065918752874609
-0.04065919114847283
-0.03252734855969264
-0.04065918282102876
-0.04065918242298183
-0.02439550936508139
-0.03252734642224464
-0.04065918994106754
-0.02439550884762154
-0.024395511842471684
-0.01626367345721924
-0.016263673404147028
-0.016263676584751252
0.008131833916363185
0.00813183830564368
0.0
0.008131839461247736
-0.008131843823993012
4.362745276154101e-09
-4.362745276154101e-09
0.00813183947451579
-4.349476778742201e-09
0.0
0.0
-8.698954001573611e-09
0.0
0.008131829686299774
-4.33620916950872e-09
-0.03252735036040599
-0.024395513037881678
-0.03252735016138342
-0.024395512865394764
-0.03252734996236084
-0.008131839487783843
-0.008131838332180674
0.0
-0.008131838332179786
0.0
-4.614840953820476e-09
-4.614840065642056e-09
0.0
-0.00813184877053752
0.0
-0.008131838385252443
-0.03252734646332067
-0.024395511497500078
-0.024395511417889537
-0.07318653982509238
-0.09758205028767275
-0.01626367768728265
-0.024395500596027908
0.0
-0.024395516989311528
0.016263682739972918
-0.01626367758113645
